0,20,9999,9999,9999,9999,9999,39,9999,9999,9999,29,37,9999,9999,9999,9999,9999
20,0,25,9999,9999,9999,9999,28,9999,9999,9999,39,9999,9999,9999,9999,9999,9999
9999,25,0,25,9999,9999,9999,30,9999,9999,9999,9999,54,9999,9999,9999,9999,9999
9999,9999,25,0,39,32,42,9999,23,33,9999,9999,9999,35,9999,9999,9999,9999
9999,9999,9999,39,0,12,26,9999,9999,19,9999,9999,9999,9999,9999,9999,9999,9999
9999,9999,9999,32,12,0,17,9999,9999,35,30,9999,9999,9999,9999,9999,9999,9999
9999,9999,9999,42,26,17,0,9999,9999,9999,38,9999,9999,9999,9999,9999,9999,9999
39,28,30,9999,9999,9999,9999,0,9999,9999,9999,25,22,9999,9999,9999,9999,9999
9999,9999,9999,23,9999,9999,9999,9999,0,26,9999,9999,34,56,9999,43,9999,9999
9999,9999,9999,33,19,35,9999,9999,26,0,24,9999,9999,30,19,9999,9999,9999
9999,9999,9999,9999,9999,30,38,9999,9999,24,0,9999,9999,9999,26,9999,9999,36
29,39,9999,9999,9999,9999,9999,25,9999,9999,9999,0,27,9999,9999,43,9999,9999
37,9999,54,9999,9999,9999,9999,22,34,9999,9999,27,0,24,9999,19,9999,9999
9999,9999,9999,56,9999,9999,9999,9999,35,30,9999,9999,24,0,20,19,17,9999
9999,9999,9999,9999,9999,9999,9999,9999,9999,19,26,9999,9999,20,0,9999,18,21
9999,9999,9999,9999,9999,9999,9999,9999,43,9999,9999,43,19,19,9999,0,19,9999
9999,9999,9999,9999,9999,9999,9999,9999,9999,9999,9999,9999,9999,17,18,26,0,15
9999,9999,9999,9999,9999,9999,9999,9999,9999,9999,36,9999,9999,9999,21,9999,15,0
