0,185,119,152,133,321,297,277,412,381
185,0,121,150,200,404,458,492,379,427
119,121,0,174,120,332,439,348,245,443
152,150,174,0,199,495,480,500,454,489
133,200,120,199,0,315,463,204,396,487
321,404,332,495,315,0,356,211,369,222
297,458,439,480,463,356,0,471,241,235
277,492,348,500,204,211,471,0,283,478
412,379,245,454,396,369,241,283,0,304
381,427,443,489,487,222,235,478,304,0
